0.000000000000000000e+00 6.256393922306465960e+00 8.067067230644171971e+00 6.778143460135922282e+00 6.889643395793911829e+00 6.252651842073538191e+00 6.169771695054887317e+00 6.739485264100530948e+00 5.920001642141825116e+00 7.047788695816022297e+00 7.962841684666960518e+00 6.835870042646464917e+00 5.882698738699947860e+00 6.408166685915309024e+00 6.796911980803540310e+00 7.732502131108372367e+00 6.894597304091104384e+00 7.130073451891388636e+00 7.244780771063710212e+00 7.285700336518248221e+00 7.202396375707235343e+00 7.163440538454055151e+00 7.467604000511880002e+00 6.365825456266738236e+00 7.191873399703774261e+00 7.018225369455550755e+00 6.730114285180000877e+00 6.646059855489705903e+00 7.110228992550746696e+00 6.687341782695100711e+00 6.963404562020961919e+00 6.736977926263540084e+00
6.256393922306465960e+00 0.000000000000000000e+00 7.687289065379685482e+00 5.746988156910043166e+00 5.761089323683578733e+00 6.776736970252582815e+00 6.803706913654556487e+00 5.979917458110120876e+00 6.379035609514029481e+00 5.810559279999989002e+00 8.028547073896865172e+00 5.981709058370682008e+00 6.921811347945970638e+00 6.399118901114563052e+00 6.790462595446289384e+00 7.684297491558575999e+00 5.918009960863371610e+00 7.336755233995836178e+00 7.200380705902066580e+00 6.902203847729404096e+00 6.646215496917283083e+00 6.536115997695060464e+00 7.462444170574362268e+00 6.357252261938278970e+00 6.671177799158122035e+00 6.815459587888732962e+00 6.610918166623990899e+00 6.611211516116719089e+00 6.604490488312801943e+00 6.590502727619048429e+00 6.352328074339928854e+00 6.702126300236623813e+00
8.067067230644171971e+00 7.687289065379685482e+00 0.000000000000000000e+00 7.524119117773303778e+00 7.584190542887965236e+00 7.902733857387162608e+00 8.007082533878184805e+00 7.666415333292545320e+00 7.902873016132362594e+00 7.907372001221711244e+00 8.312325644795118151e+00 7.547989292779788251e+00 8.191111504693193268e+00 8.141966093193872211e+00 7.555430627463533888e+00 8.352174106509428597e+00 7.865439689759673669e+00 8.135237645938961037e+00 8.043130835124948419e+00 7.452953843952298207e+00 7.823407951130590732e+00 8.162693387134833500e+00 8.199030336829830290e+00 7.148192152416609879e+00 7.430711338005986377e+00 7.914367677673392443e+00 6.855096100290062111e+00 7.872255871991112208e+00 7.753940692994394368e+00 6.816306353533535756e+00 7.401302169288705990e+00 7.084289356176743269e+00
6.778143460135922282e+00 5.746988156910043166e+00 7.524119117773303778e+00 0.000000000000000000e+00 5.093220146678346438e+00 5.706236612253436924e+00 6.932248140434437822e+00 4.987638236784852630e+00 6.132382897398363397e+00 5.605420520401568574e+00 7.571738287500415332e+00 5.446638790758581372e+00 6.758611192920136013e+00 6.249713051119890395e+00 6.662437443867719189e+00 7.048004557854166130e+00 5.369144830133248725e+00 6.922398469857498071e+00 7.181818357422538490e+00 7.005368824882608259e+00 6.928530502365498833e+00 6.207736602286012761e+00 7.089325798205661222e+00 6.708904331675674904e+00 6.857400210365832471e+00 6.844981670644669336e+00 6.674282356073800493e+00 7.351677046416330796e+00 6.898744429331356010e+00 6.390390794019924492e+00 6.796852415643304113e+00 6.341309966353315453e+00
6.889643395793911829e+00 5.761089323683578733e+00 7.584190542887965236e+00 5.093220146678346438e+00 0.000000000000000000e+00 6.725152145700400652e+00 6.779704964232382558e+00 4.981982265030213242e+00 5.559921426307952608e+00 5.057753929545868665e+00 8.092992156504893231e+00 4.397668606607162189e+00 6.880431643659230545e+00 6.474298786712920695e+00 6.614230160274764181e+00 7.687772560419159795e+00 5.453979679662775304e+00 7.081692543604978241e+00 7.511331508875443319e+00 7.141037816054278231e+00 7.125755984303110857e+00 5.428723878239138045e+00 7.680219743256192722e+00 7.080250169025958051e+00 6.962225567906188850e+00 7.200839189642667115e+00 6.754428195511878563e+00 7.407706662631531991e+00 6.983686320620726917e+00 7.131132810959469381e+00 6.965164344276791653e+00 7.065184723009300782e+00
6.252651842073538191e+00 6.776736970252582815e+00 7.902733857387162608e+00 5.706236612253436924e+00 6.725152145700400652e+00 0.000000000000000000e+00 5.793326094822938366e+00 6.728398281018768579e+00 5.324970089267735851e+00 6.819320697352275751e+00 7.561469014840422886e+00 6.742651190341778289e+00 6.180379476810568207e+00 5.894768658885226387e+00 5.963519712880264834e+00 6.964596001381783807e+00 6.755407723139281728e+00 6.463259500035499983e+00 7.156217490168421236e+00 6.920470127655354631e+00 7.207916746454625212e+00 7.504612723546403963e+00 7.310280544234124989e+00 6.807476804870648657e+00 7.162275680893474217e+00 7.051578506459681428e+00 6.994572530266014887e+00 7.552233141037183906e+00 7.130109052239540723e+00 6.936467940767099272e+00 6.931610176197516182e+00 6.957756395222504331e+00
6.169771695054887317e+00 6.803706913654556487e+00 8.007082533878184805e+00 6.932248140434437822e+00 6.779704964232382558e+00 5.793326094822938366e+00 0.000000000000000000e+00 6.964074368063963405e+00 5.812672621866152411e+00 5.845745161782029520e+00 8.277990851844364784e+00 6.758610366930525970e+00 5.879949873571320040e+00 6.012855889956607136e+00 5.902018478887985253e+00 7.605059518822979037e+00 6.983143793404339661e+00 6.379915427783466875e+00 7.759934239121962563e+00 7.282565971444107333e+00 7.106337735604619787e+00 7.239263260423628665e+00 7.986273840521526779e+00 7.264155252298633236e+00 7.447272334792565118e+00 7.280516216246847527e+00 6.967087988682510336e+00 7.578480537711214104e+00 7.278721535506979201e+00 7.183347441841397618e+00 7.128003806541397758e+00 7.425192468860300821e+00
6.739485264100530948e+00 5.979917458110120876e+00 7.666415333292545320e+00 4.987638236784852630e+00 4.981982265030213242e+00 6.728398281018768579e+00 6.964074368063963405e+00 0.000000000000000000e+00 6.436553353068111605e+00 5.648659112055812948e+00 7.794814588072203065e+00 4.917186490959906564e+00 6.446567910810306223e+00 5.565397434660227738e+00 6.760363883473386792e+00 7.460628446858253326e+00 4.892851041163337023e+00 7.021521782419965163e+00 6.867693047452696931e+00 7.576775833619106670e+00 7.394978518587042693e+00 5.650945223180956489e+00 7.620292776431872639e+00 7.112987117273542381e+00 7.310143547718089607e+00 7.058071996406130033e+00 6.826302960652869345e+00 7.735349554705003072e+00 7.527317801491254734e+00 6.861226210048466889e+00 7.219180820846732516e+00 6.887177826574065520e+00
5.920001642141825116e+00 6.379035609514029481e+00 7.902873016132362594e+00 6.132382897398363397e+00 5.559921426307952608e+00 5.324970089267735851e+00 5.812672621866152411e+00 6.436553353068111605e+00 0.000000000000000000e+00 6.728442911593537801e+00 7.851606576659340142e+00 6.369803942401533803e+00 6.045595137114004203e+00 5.091634153828534792e+00 5.818899373222409466e+00 7.246299574207290206e+00 6.519318631129829456e+00 6.159271906816472075e+00 7.113111844201259970e+00 6.811033080115385552e+00 6.650076466934832453e+00 7.169232349759743883e+00 7.558322736687897780e+00 6.724790425387374704e+00 6.916174863125784888e+00 7.222151349467840653e+00 6.489535547364813972e+00 7.320051926303866807e+00 6.644897374091349285e+00 6.894659213549618748e+00 6.703832061164315625e+00 6.799604854084567052e+00
7.047788695816022297e+00 5.810559279999989002e+00 7.907372001221711244e+00 5.605420520401568574e+00 5.057753929545868665e+00 6.819320697352275751e+00 5.845745161782029520e+00 5.648659112055812948e+00 6.728442911593537801e+00 0.000000000000000000e+00 8.120962982025000443e+00 5.260025003884221562e+00 7.139341424716699080e+00 6.800345471691349175e+00 7.193092401538434544e+00 7.777069465649829816e+00 5.745838771209376361e+00 7.633395112241205815e+00 7.843263174650600966e+00 7.328383838903491210e+00 7.038673769994162832e+00 6.228522520929742790e+00 7.825018075305094634e+00 7.227048336307880128e+00 7.123404365922257675e+00 7.125278323300489269e+00 6.913249176136806895e+00 7.312642939394725872e+00 7.130534532023760086e+00 7.165633123326689891e+00 6.902926398318380841e+00 7.289388433637801867e+00
7.962841684666960518e+00 8.028547073896865172e+00 8.312325644795118151e+00 7.571738287500415332e+00 8.092992156504893231e+00 7.561469014840422886e+00 8.277990851844364784e+00 7.794814588072203065e+00 7.851606576659340142e+00 8.120962982025000443e+00 0.000000000000000000e+00 7.484170372998738330e+00 8.021753216902105521e+00 8.116881337942178476e+00 7.265124645245355062e+00 5.769201879611827621e+00 8.058196803960980148e+00 8.038409953788605122e+00 6.486044836860590301e+00 8.092746416100695228e+00 8.251538261010644248e+00 8.181854927522799414e+00 6.432721970407603962e+00 7.410624599860915929e+00 7.906835840560495043e+00 7.380319565695236506e+00 7.695041910747580260e+00 8.227902069370543359e+00 8.092562069824328574e+00 7.855026937492687544e+00 7.599283337184687959e+00 8.172529358000083732e+00
6.835870042646464917e+00 5.981709058370682008e+00 7.547989292779788251e+00 5.446638790758581372e+00 4.397668606607162189e+00 6.742651190341778289e+00 6.758610366930525970e+00 4.917186490959906564e+00 6.369803942401533803e+00 5.260025003884221562e+00 7.484170372998738330e+00 0.000000000000000000e+00 6.893795227724144326e+00 6.290745558021908934e+00 5.183680187958574770e+00 7.385243376730589837e+00 5.188001803561673952e+00 6.987026319007297204e+00 7.465143618156291794e+00 6.926340062787915919e+00 7.251426053716165221e+00 5.443403578953445177e+00 7.670106357865678959e+00 6.991702693018548409e+00 7.113509325183911436e+00 6.820157512256113996e+00 6.802797602309741620e+00 7.229199356089187845e+00 7.207465560556512330e+00 7.172081632335124191e+00 6.583872732866034028e+00 7.281543737815575845e+00
5.882698738699947860e+00 6.921811347945970638e+00 8.191111504693193268e+00 6.758611192920136013e+00 6.880431643659230545e+00 6.180379476810568207e+00 5.879949873571320040e+00 6.446567910810306223e+00 6.045595137114004203e+00 7.139341424716699080e+00 8.021753216902105521e+00 6.893795227724144326e+00 0.000000000000000000e+00 6.193444483026222080e+00 6.445929321409189505e+00 7.278883366466297744e+00 5.500383735420344422e+00 6.783965497893779784e+00 7.335197667836523827e+00 7.645325709380318635e+00 7.349114994592954808e+00 7.327900262274561705e+00 7.629258534009003334e+00 7.070971215459914916e+00 7.546199099320600290e+00 7.356323618253972185e+00 7.041063633828564150e+00 7.434930795556877747e+00 7.184120620501836640e+00 7.107767281200750631e+00 7.118024897411011409e+00 7.226427715594817336e+00
6.408166685915309024e+00 6.399118901114563052e+00 8.141966093193872211e+00 6.249713051119890395e+00 6.474298786712920695e+00 5.894768658885226387e+00 6.012855889956607136e+00 5.565397434660227738e+00 5.091634153828534792e+00 6.800345471691349175e+00 8.116881337942178476e+00 6.290745558021908934e+00 6.193444483026222080e+00 0.000000000000000000e+00 5.834263973487726851e+00 7.461436025320906218e+00 6.438753212903283618e+00 5.750780925663693921e+00 7.126203579890758810e+00 7.109538596746808992e+00 7.058586970583284881e+00 6.473878352105566947e+00 7.950450211041578008e+00 7.040954498694019570e+00 7.104897184621491668e+00 6.945900367598806469e+00 6.864920785548668469e+00 7.687675877393942869e+00 7.075084729338071199e+00 7.172621438160868834e+00 7.050941208670571392e+00 6.959121048221193817e+00
6.796911980803540310e+00 6.790462595446289384e+00 7.555430627463533888e+00 6.662437443867719189e+00 6.614230160274764181e+00 5.963519712880264834e+00 5.902018478887985253e+00 6.760363883473386792e+00 5.818899373222409466e+00 7.193092401538434544e+00 7.265124645245355062e+00 5.183680187958574770e+00 6.445929321409189505e+00 5.834263973487726851e+00 0.000000000000000000e+00 6.988462583600040468e+00 7.053579172335126657e+00 6.200409373091072318e+00 7.178127016840850416e+00 7.158158111382499911e+00 7.365662920664037827e+00 6.982660908216969275e+00 7.342372284634406832e+00 6.921299818519705660e+00 7.140299585943132854e+00 6.841794226410891078e+00 7.004462330818967963e+00 7.407378550069925183e+00 7.056355647257749553e+00 7.451379325071059156e+00 6.731509611969537232e+00 7.511000930002928122e+00
7.732502131108372367e+00 7.684297491558575999e+00 8.352174106509428597e+00 7.048004557854166130e+00 7.687772560419159795e+00 6.964596001381783807e+00 7.605059518822979037e+00 7.460628446858253326e+00 7.246299574207290206e+00 7.777069465649829816e+00 5.769201879611827621e+00 7.385243376730589837e+00 7.278883366466297744e+00 7.461436025320906218e+00 6.988462583600040468e+00 0.000000000000000000e+00 7.672280830928943196e+00 7.842842744897197349e+00 5.961987660089484997e+00 7.662508112500103330e+00 7.806909998287498098e+00 8.078807528642332869e+00 5.737201975116222208e+00 7.287793525287328933e+00 7.592770451454602387e+00 6.943643404241655048e+00 7.183772382772194653e+00 7.704699576257021398e+00 7.356110533259498929e+00 7.375952988286001322e+00 7.056894584400070336e+00 7.558605217363786544e+00
6.894597304091104384e+00 5.918009960863371610e+00 7.865439689759673669e+00 5.369144830133248725e+00 5.453979679662775304e+00 6.755407723139281728e+00 6.983143793404339661e+00 4.892851041163337023e+00 6.519318631129829456e+00 5.745838771209376361e+00 8.058196803960980148e+00 5.188001803561673952e+00 5.500383735420344422e+00 6.438753212903283618e+00 7.053579172335126657e+00 7.672280830928943196e+00 0.000000000000000000e+00 7.208404335172033939e+00 7.519269760120807611e+00 7.232474159726963059e+00 6.990563070649574051e+00 6.335100261903277463e+00 7.782999253100834736e+00 7.013677489623256101e+00 7.021182947806615005e+00 7.284860770915835282e+00 6.673341021551385310e+00 7.498947868517341853e+00 7.249927450930377049e+00 6.763005390417250240e+00 6.988112547746549552e+00 6.926408269676143092e+00
7.130073451891388636e+00 7.336755233995836178e+00 8.135237645938961037e+00 6.922398469857498071e+00 7.081692543604978241e+00 6.463259500035499983e+00 6.379915427783466875e+00 7.021521782419965163e+00 6.159271906816472075e+00 7.633395112241205815e+00 8.038409953788605122e+00 6.987026319007297204e+00 6.783965497893779784e+00 5.750780925663693921e+00 6.200409373091072318e+00 7.842842744897197349e+00 7.208404335172033939e+00 0.000000000000000000e+00 7.606682671220885261e+00 7.533597789943550005e+00 7.767709918788868073e+00 5.756919380519732954e+00 7.934833725968266194e+00 7.065629551872267378e+00 7.690846343177914157e+00 7.283254773707467322e+00 7.403819641243644334e+00 7.964538110366246926e+00 7.472417365145043178e+00 7.578463724100545029e+00 7.325504901297796856e+00 7.649118499916137459e+00
7.244780771063710212e+00 7.200380705902066580e+00 8.043130835124948419e+00 7.181818357422538490e+00 7.511331508875443319e+00 7.156217490168421236e+00 7.759934239121962563e+00 6.867693047452696931e+00 7.113111844201259970e+00 7.843263174650600966e+00 6.486044836860590301e+00 7.465143618156291794e+00 7.335197667836523827e+00 7.126203579890758810e+00 7.178127016840850416e+00 5.961987660089484997e+00 7.519269760120807611e+00 7.606682671220885261e+00 0.000000000000000000e+00 7.266987272639122253e+00 7.626925476925941361e+00 7.779341424776901270e+00 5.302600978839191903e+00 6.885766650914437292e+00 7.212881707249131580e+00 6.096191893218335878e+00 6.989432290309561147e+00 7.398206401544268118e+00 7.193372693579756394e+00 7.165445105079662369e+00 7.119156815928069371e+00 7.336656546257477096e+00
7.285700336518248221e+00 6.902203847729404096e+00 7.452953843952298207e+00 7.005368824882608259e+00 7.141037816054278231e+00 6.920470127655354631e+00 7.282565971444107333e+00 7.576775833619106670e+00 6.811033080115385552e+00 7.328383838903491210e+00 8.092746416100695228e+00 6.926340062787915919e+00 7.645325709380318635e+00 7.109538596746808992e+00 7.158158111382499911e+00 7.662508112500103330e+00 7.232474159726963059e+00 7.533597789943550005e+00 7.266987272639122253e+00 0.000000000000000000e+00 5.180283986207954605e+00 7.794220940905174366e+00 7.502755403450236393e+00 6.201919007150359597e+00 5.095837149625594087e+00 7.228731979760111948e+00 5.683485167997798015e+00 5.760094072658143993e+00 5.344638882316768758e+00 6.248137005758839457e+00 5.738389130001111837e+00 6.247329712781653832e+00
7.202396375707235343e+00 6.646215496917283083e+00 7.823407951130590732e+00 6.928530502365498833e+00 7.125755984303110857e+00 7.207916746454625212e+00 7.106337735604619787e+00 7.394978518587042693e+00 6.650076466934832453e+00 7.038673769994162832e+00 8.251538261010644248e+00 7.251426053716165221e+00 7.349114994592954808e+00 7.058586970583284881e+00 7.365662920664037827e+00 7.806909998287498098e+00 6.990563070649574051e+00 7.767709918788868073e+00 7.626925476925941361e+00 5.180283986207954605e+00 0.000000000000000000e+00 8.057907306084585386e+00 7.649898232084225036e+00 6.042306868607657755e+00 4.951256344151450328e+00 7.302123193002641344e+00 5.806308838859971289e+00 5.920890399233710966e+00 5.880110327701905781e+00 6.568879377133180597e+00 5.488373113632855294e+00 6.560151505093062774e+00
7.163440538454055151e+00 6.536115997695060464e+00 8.162693387134833500e+00 6.207736602286012761e+00 5.428723878239138045e+00 7.504612723546403963e+00 7.239263260423628665e+00 5.650945223180956489e+00 7.169232349759743883e+00 6.228522520929742790e+00 8.181854927522799414e+00 5.443403578953445177e+00 7.327900262274561705e+00 6.473878352105566947e+00 6.982660908216969275e+00 8.078807528642332869e+00 6.335100261903277463e+00 5.756919380519732954e+00 7.779341424776901270e+00 7.794220940905174366e+00 8.057907306084585386e+00 0.000000000000000000e+00 7.885585336493423192e+00 7.355363975266430820e+00 7.841731256297181929e+00 7.503213517641203367e+00 7.593038058452623140e+00 7.866461044265163238e+00 7.790526537156178044e+00 7.700921199090353220e+00 7.378388174717537495e+00 7.737511142615336013e+00
7.467604000511880002e+00 7.462444170574362268e+00 8.199030336829830290e+00 7.089325798205661222e+00 7.680219743256192722e+00 7.310280544234124989e+00 7.986273840521526779e+00 7.620292776431872639e+00 7.558322736687897780e+00 7.825018075305094634e+00 6.432721970407603962e+00 7.670106357865678959e+00 7.629258534009003334e+00 7.950450211041578008e+00 7.342372284634406832e+00 5.737201975116222208e+00 7.782999253100834736e+00 7.934833725968266194e+00 5.302600978839191903e+00 7.502755403450236393e+00 7.649898232084225036e+00 7.885585336493423192e+00 0.000000000000000000e+00 7.045808477733209507e+00 7.327502201404059612e+00 5.963701412172902394e+00 7.220364642151695378e+00 7.668656445306463176e+00 7.492358789610507053e+00 7.433290596852679677e+00 7.293798655178663992e+00 7.650178196483889970e+00
6.365825456266738236e+00 6.357252261938278970e+00 7.148192152416609879e+00 6.708904331675674904e+00 7.080250169025958051e+00 6.807476804870648657e+00 7.264155252298633236e+00 7.112987117273542381e+00 6.724790425387374704e+00 7.227048336307880128e+00 7.410624599860915929e+00 6.991702693018548409e+00 7.070971215459914916e+00 7.040954498694019570e+00 6.921299818519705660e+00 7.287793525287328933e+00 7.013677489623256101e+00 7.065629551872267378e+00 6.885766650914437292e+00 6.201919007150359597e+00 6.042306868607657755e+00 7.355363975266430820e+00 7.045808477733209507e+00 0.000000000000000000e+00 5.543445035867275550e+00 6.424191092815308757e+00 5.986130989371220679e+00 5.720267270135566129e+00 5.769792400986146319e+00 5.936578612851503678e+00 5.844732067925523467e+00 6.113637506464671745e+00
7.191873399703774261e+00 6.671177799158122035e+00 7.430711338005986377e+00 6.857400210365832471e+00 6.962225567906188850e+00 7.162275680893474217e+00 7.447272334792565118e+00 7.310143547718089607e+00 6.916174863125784888e+00 7.123404365922257675e+00 7.906835840560495043e+00 7.113509325183911436e+00 7.546199099320600290e+00 7.104897184621491668e+00 7.140299585943132854e+00 7.592770451454602387e+00 7.021182947806615005e+00 7.690846343177914157e+00 7.212881707249131580e+00 5.095837149625594087e+00 4.951256344151450328e+00 7.841731256297181929e+00 7.327502201404059612e+00 5.543445035867275550e+00 0.000000000000000000e+00 6.935245537606502531e+00 5.657549057117086555e+00 5.697119884321544703e+00 5.495799339373973247e+00 6.515106571499842403e+00 5.465466907178951672e+00 6.635196385559083865e+00
7.018225369455550755e+00 6.815459587888732962e+00 7.914367677673392443e+00 6.844981670644669336e+00 7.200839189642667115e+00 7.051578506459681428e+00 7.280516216246847527e+00 7.058071996406130033e+00 7.222151349467840653e+00 7.125278323300489269e+00 7.380319565695236506e+00 6.820157512256113996e+00 7.356323618253972185e+00 6.945900367598806469e+00 6.841794226410891078e+00 6.943643404241655048e+00 7.284860770915835282e+00 7.283254773707467322e+00 6.096191893218335878e+00 7.228731979760111948e+00 7.302123193002641344e+00 7.503213517641203367e+00 5.963701412172902394e+00 6.424191092815308757e+00 6.935245537606502531e+00 0.000000000000000000e+00 7.033958201112109343e+00 6.968073461225078979e+00 7.017946353262182413e+00 7.233420282428421721e+00 7.031971911776947692e+00 7.504340454545332939e+00
6.730114285180000877e+00 6.610918166623990899e+00 6.855096100290062111e+00 6.674282356073800493e+00 6.754428195511878563e+00 6.994572530266014887e+00 6.967087988682510336e+00 6.826302960652869345e+00 6.489535547364813972e+00 6.913249176136806895e+00 7.695041910747580260e+00 6.802797602309741620e+00 7.041063633828564150e+00 6.864920785548668469e+00 7.004462330818967963e+00 7.183772382772194653e+00 6.673341021551385310e+00 7.403819641243644334e+00 6.989432290309561147e+00 5.683485167997798015e+00 5.806308838859971289e+00 7.593038058452623140e+00 7.220364642151695378e+00 5.986130989371220679e+00 5.657549057117086555e+00 7.033958201112109343e+00 0.000000000000000000e+00 6.230315248655426963e+00 6.076045355322312602e+00 4.986066153442244797e+00 5.962326146609873589e+00 5.446498825137087607e+00
6.646059855489705903e+00 6.611211516116719089e+00 7.872255871991112208e+00 7.351677046416330796e+00 7.407706662631531991e+00 7.552233141037183906e+00 7.578480537711214104e+00 7.735349554705003072e+00 7.320051926303866807e+00 7.312642939394725872e+00 8.227902069370543359e+00 7.229199356089187845e+00 7.434930795556877747e+00 7.687675877393942869e+00 7.407378550069925183e+00 7.704699576257021398e+00 7.498947868517341853e+00 7.964538110366246926e+00 7.398206401544268118e+00 5.760094072658143993e+00 5.920890399233710966e+00 7.866461044265163238e+00 7.668656445306463176e+00 5.720267270135566129e+00 5.697119884321544703e+00 6.968073461225078979e+00 6.230315248655426963e+00 0.000000000000000000e+00 5.113732737670908968e+00 6.551565298819597594e+00 5.379028472363829749e+00 6.445600152589719301e+00
7.110228992550746696e+00 6.604490488312801943e+00 7.753940692994394368e+00 6.898744429331356010e+00 6.983686320620726917e+00 7.130109052239540723e+00 7.278721535506979201e+00 7.527317801491254734e+00 6.644897374091349285e+00 7.130534532023760086e+00 8.092562069824328574e+00 7.207465560556512330e+00 7.184120620501836640e+00 7.075084729338071199e+00 7.056355647257749553e+00 7.356110533259498929e+00 7.249927450930377049e+00 7.472417365145043178e+00 7.193372693579756394e+00 5.344638882316768758e+00 5.880110327701905781e+00 7.790526537156178044e+00 7.492358789610507053e+00 5.769792400986146319e+00 5.495799339373973247e+00 7.017946353262182413e+00 6.076045355322312602e+00 5.113732737670908968e+00 0.000000000000000000e+00 6.392210314302668728e+00 5.265223968346434802e+00 6.460125978854604156e+00
6.687341782695100711e+00 6.590502727619048429e+00 6.816306353533535756e+00 6.390390794019924492e+00 7.131132810959469381e+00 6.936467940767099272e+00 7.183347441841397618e+00 6.861226210048466889e+00 6.894659213549618748e+00 7.165633123326689891e+00 7.855026937492687544e+00 7.172081632335124191e+00 7.107767281200750631e+00 7.172621438160868834e+00 7.451379325071059156e+00 7.375952988286001322e+00 6.763005390417250240e+00 7.578463724100545029e+00 7.165445105079662369e+00 6.248137005758839457e+00 6.568879377133180597e+00 7.700921199090353220e+00 7.433290596852679677e+00 5.936578612851503678e+00 6.515106571499842403e+00 7.233420282428421721e+00 4.986066153442244797e+00 6.551565298819597594e+00 6.392210314302668728e+00 0.000000000000000000e+00 6.513505120305756790e+00 3.691150190396774278e+00
6.963404562020961919e+00 6.352328074339928854e+00 7.401302169288705990e+00 6.796852415643304113e+00 6.965164344276791653e+00 6.931610176197516182e+00 7.128003806541397758e+00 7.219180820846732516e+00 6.703832061164315625e+00 6.902926398318380841e+00 7.599283337184687959e+00 6.583872732866034028e+00 7.118024897411011409e+00 7.050941208670571392e+00 6.731509611969537232e+00 7.056894584400070336e+00 6.988112547746549552e+00 7.325504901297796856e+00 7.119156815928069371e+00 5.738389130001111837e+00 5.488373113632855294e+00 7.378388174717537495e+00 7.293798655178663992e+00 5.844732067925523467e+00 5.465466907178951672e+00 7.031971911776947692e+00 5.962326146609873589e+00 5.379028472363829749e+00 5.265223968346434802e+00 6.513505120305756790e+00 0.000000000000000000e+00 6.628766471588967590e+00
6.736977926263540084e+00 6.702126300236623813e+00 7.084289356176743269e+00 6.341309966353315453e+00 7.065184723009300782e+00 6.957756395222504331e+00 7.425192468860300821e+00 6.887177826574065520e+00 6.799604854084567052e+00 7.289388433637801867e+00 8.172529358000083732e+00 7.281543737815575845e+00 7.226427715594817336e+00 6.959121048221193817e+00 7.511000930002928122e+00 7.558605217363786544e+00 6.926408269676143092e+00 7.649118499916137459e+00 7.336656546257477096e+00 6.247329712781653832e+00 6.560151505093062774e+00 7.737511142615336013e+00 7.650178196483889970e+00 6.113637506464671745e+00 6.635196385559083865e+00 7.504340454545332939e+00 5.446498825137087607e+00 6.445600152589719301e+00 6.460125978854604156e+00 3.691150190396774278e+00 6.628766471588967590e+00 0.000000000000000000e+00
